         1  0.00000000  391.690   -568.5042223112   -567.7487011380      0.0000000000   0.575469E-03    50.31
         2  0.00000000  385.941   -568.5006382157   -567.7487016189      0.0000000000   0.224560E-02    88.70
         3  0.00000000  383.169   -568.4979491931   -567.7487304596      0.0000000000   0.491798E-02    93.03
         4  0.00000000  382.051   -568.4956348865   -567.7487706382      0.0000000000   0.849320E-02    50.28
         5  0.00000000  380.469   -568.4928913624   -567.7487908018      0.0000000000   0.128607E-01    63.53
         6  0.00000000  376.978   -568.4892123885   -567.7487662583      0.0000000000   0.178909E-01    61.63
         7  0.00000000  371.933   -568.4848626559   -567.7486909639      0.0000000000   0.234333E-01    58.99
         8  0.00000000  367.457   -568.4808943798   -567.7486117416      0.0000000000   0.293309E-01    52.90
         9  0.00000000  366.114   -568.4784974871   -567.7485770173      0.0000000000   0.354459E-01   126.70
        10  0.00000000  369.363   -568.4782575979   -567.7485921456      0.0000000000   0.416858E-01    73.51
        11  0.00000000  377.100   -568.4799971775   -567.7486254078      0.0000000000   0.480128E-01    54.28
        12  0.00000000  388.323   -568.4831725868   -567.7486494211      0.0000000000   0.544384E-01    44.09
        13  0.00000000  401.866   -568.4872600672   -567.7486681674      0.0000000000   0.610090E-01    63.81
        14  0.00000000  416.493   -568.4917628947   -567.7486954171      0.0000000000   0.677934E-01    57.29
        15  0.00000000  430.620   -568.4960381516   -567.7487401677      0.0000000000   0.748721E-01    64.55
        16  0.00000000  442.447   -568.4993008775   -567.7487754803      0.0000000000   0.823249E-01    91.48
        17  0.00000000  450.739   -568.5010076366   -567.7487806310      0.0000000000   0.902153E-01   121.04
        18  0.00000000  455.619   -568.5012212278   -567.7487450492      0.0000000000   0.985778E-01   148.77
        19  0.00000000  458.757   -568.5007142739   -567.7486802692      0.0000000000   0.107414E+00    57.91
        20  0.00000000  462.613   -568.5006604568   -567.7486240450      0.0000000000   0.116704E+00    71.80
        21  0.00000000  468.966   -568.5019692056   -567.7486279467      0.0000000000   0.126423E+00    39.49
        22  0.00000000  477.443   -568.5045427492   -567.7487020036      0.0000000000   0.136558E+00    49.52
        23  0.00000000  485.202   -568.5070935584   -567.7488035850      0.0000000000   0.147114E+00    45.20
        24  0.00000000  488.309   -568.5078010493   -567.7488697815      0.0000000000   0.158098E+00    43.78
        25  0.00000000  483.860   -568.5053142567   -567.7488654296      0.0000000000   0.169496E+00    84.85
        26  0.00000000  471.576   -568.4994459583   -567.7487821594      0.0000000000   0.181258E+00    57.01
        27  0.00000000  454.129   -568.4913319982   -567.7486500898      0.0000000000   0.193292E+00    60.00
        28  0.00000000  436.028   -568.4829495290   -567.7485245471      0.0000000000   0.205488E+00    48.35
        29  0.00000000  421.605   -568.4762274218   -567.7484581616      0.0000000000   0.217739E+00    76.94
        30  0.00000000  413.208   -568.4722262077   -567.7484592789      0.0000000000   0.229965E+00   116.27
        31  0.00000000  410.630   -568.4709090148   -567.7485007385      0.0000000000   0.242117E+00    36.79
        32  0.00000000  411.879   -568.4715006943   -567.7485515423      0.0000000000   0.254173E+00   153.17
        33  0.00000000  414.508   -568.4730319381   -567.7485959188      0.0000000000   0.266124E+00    82.85
        34  0.00000000  416.657   -568.4747126211   -567.7486182642      0.0000000000   0.277966E+00    68.87
        35  0.00000000  417.568   -568.4761490840   -567.7486148522      0.0000000000   0.289699E+00    57.09
        36  0.00000000  417.676   -568.4774215393   -567.7485836930      0.0000000000   0.301329E+00    51.17
        37  0.00000000  418.253   -568.4790271751   -567.7485499355      0.0000000000   0.312870E+00    67.62
        38  0.00000000  420.621   -568.4815251334   -567.7485424685      0.0000000000   0.324345E+00   116.74
        39  0.00000000  425.183   -568.4850638618   -567.7485826356      0.0000000000   0.335791E+00    48.30
        40  0.00000000  430.932   -568.4891168269   -567.7486496076      0.0000000000   0.347253E+00   104.43
        41  0.00000000  435.757   -568.4926868163   -567.7487185113      0.0000000000   0.358776E+00   139.60
        42  0.00000000  437.187   -568.4946608147   -567.7487700223      0.0000000000   0.370401E+00    69.01
        43  0.00000000  433.202   -568.4941393579   -567.7487833802      0.0000000000   0.382152E+00   103.98
        44  0.00000000  423.026   -568.4907743131   -567.7487471808      0.0000000000   0.394027E+00    54.51
        45  0.00000000  407.726   -568.4850369200   -567.7486602705      0.0000000000   0.405994E+00    56.74
        46  0.00000000  390.122   -568.4782076755   -567.7485463347      0.0000000000   0.417988E+00    52.32
        47  0.00000000  373.831   -568.4719768506   -567.7484529280      0.0000000000   0.429918E+00    45.20
        48  0.00000000  361.784   -568.4677446998   -567.7484259228      0.0000000000   0.441672E+00    54.56
        49  0.00000000  355.020   -568.4659697605   -567.7484618527      0.0000000000   0.453135E+00    88.13
        50  0.00000000  352.633   -568.4661154359   -567.7485321330      0.0000000000   0.464188E+00    95.39
        51  0.00000000  352.709   -568.4671102963   -567.7485969628      0.0000000000   0.474722E+00    49.66
        52  0.00000000  353.307   -568.4679050504   -567.7486362988      0.0000000000   0.484640E+00    64.93
        53  0.00000000  352.967   -568.4677694947   -567.7486494585      0.0000000000   0.493867E+00    68.44
        54  0.00000000  350.959   -568.4664017298   -567.7486203694      0.0000000000   0.502345E+00    71.46
        55  0.00000000  347.682   -568.4641248538   -567.7485441871      0.0000000000   0.510034E+00    78.74
        56  0.00000000  344.998   -568.4620035158   -567.7484297272      0.0000000000   0.516906E+00    40.91
        57  0.00000000  345.838   -568.4616312300   -567.7483224018      0.0000000000   0.522946E+00    55.47
        58  0.00000000  352.812   -568.4644322782   -567.7482877591      0.0000000000   0.528169E+00    83.80
        59  0.00000000  366.419   -568.4707584618   -567.7483541001      0.0000000000   0.532643E+00    83.11
        60  0.00000000  384.096   -568.4794411879   -567.7485004141      0.0000000000   0.536495E+00    53.92
        61  0.00000000  400.965   -568.4881491898   -567.7486592508      0.0000000000   0.539902E+00    45.20
        62  0.00000000  411.862   -568.4943809723   -567.7487671261      0.0000000000   0.543066E+00    53.92
        63  0.00000000  413.528   -568.4964877968   -567.7487825109      0.0000000000   0.546165E+00    64.60
        64  0.00000000  406.055   -568.4943645422   -567.7486909987      0.0000000000   0.549323E+00    72.42
        65  0.00000000  393.115   -568.4896174187   -567.7485160171      0.0000000000   0.552588E+00    46.63
        66  0.00000000  380.589   -568.4850081911   -567.7483452775      0.0000000000   0.555943E+00    50.93
        67  0.00000000  373.753   -568.4831006174   -567.7482863756      0.0000000000   0.559338E+00    69.37
        68  0.00000000  374.415   -568.4847580749   -567.7483620500      0.0000000000   0.562731E+00    60.23
        69  0.00000000  380.182   -568.4887598470   -567.7484950684      0.0000000000   0.566108E+00    68.21
        70  0.00000000  386.521   -568.4929026904   -567.7485890359      0.0000000000   0.569485E+00    70.73
        71  0.00000000  389.696   -568.4954835641   -567.7486116077      0.0000000000   0.572883E+00    53.32
        72  0.00000000  388.349   -568.4959372675   -567.7485789505      0.0000000000   0.576314E+00    76.71
        73  0.00000000  383.370   -568.4946472556   -567.7485281280      0.0000000000   0.579771E+00    70.71
        74  0.00000000  376.945   -568.4924623810   -567.7484756082      0.0000000000   0.583231E+00    54.69
        75  0.00000000  371.621   -568.4903579649   -567.7484226167      0.0000000000   0.586660E+00    74.16
        76  0.00000000  369.715   -568.4892762989   -567.7483725423      0.0000000000   0.590021E+00    48.10
        77  0.00000000  372.968   -568.4900217907   -567.7483361471      0.0000000000   0.593287E+00    71.00
        78  0.00000000  382.095   -568.4930567879   -567.7483355891      0.0000000000   0.596457E+00    51.00
        79  0.00000000  396.162   -568.4981518046   -567.7483839941      0.0000000000   0.599574E+00    57.50
        80  0.00000000  412.252   -568.5041854509   -567.7484787954      0.0000000000   0.602731E+00    59.57
        81  0.00000000  426.043   -568.5093528284   -567.7485772113      0.0000000000   0.606064E+00    52.49
        82  0.00000000  433.355   -568.5118669508   -567.7486286251      0.0000000000   0.609716E+00    62.45
        83  0.00000000  432.063   -568.5108091018   -567.7485929189      0.0000000000   0.613798E+00    61.17
        84  0.00000000  423.307   -568.5067120323   -567.7484761989      0.0000000000   0.618351E+00    81.38
        85  0.00000000  411.066   -568.5014188064   -567.7483364977      0.0000000000   0.623345E+00    86.86
        86  0.00000000  400.046   -568.4971324405   -567.7482505799      0.0000000000   0.628694E+00    37.79
        87  0.00000000  393.065   -568.4951715346   -567.7482663369      0.0000000000   0.634295E+00    58.52
        88  0.00000000  389.862   -568.4953366315   -567.7483456101      0.0000000000   0.640063E+00    62.89
        89  0.00000000  388.024   -568.4963884042   -567.7484351028      0.0000000000   0.645946E+00    90.43
        90  0.00000000  384.862   -568.4969067875   -567.7484965875      0.0000000000   0.651915E+00    70.98
        91  0.00000000  378.844   -568.4959447680   -567.7485011064      0.0000000000   0.657953E+00    49.87
        92  0.00000000  370.186   -568.4934234546   -567.7484564906      0.0000000000   0.664041E+00    68.59
        93  0.00000000  360.558   -568.4900666516   -567.7483919579      0.0000000000   0.670144E+00    62.86
        94  0.00000000  351.954   -568.4868573085   -567.7483625012      0.0000000000   0.676214E+00    50.44
        95  0.00000000  345.521   -568.4843218921   -567.7483718380      0.0000000000   0.682182E+00    48.22
        96  0.00000000  341.391   -568.4824448356   -567.7483774530      0.0000000000   0.687971E+00   114.31
        97  0.00000000  339.609   -568.4812210969   -567.7483456644      0.0000000000   0.693504E+00    96.43
        98  0.00000000  340.723   -568.4810449052   -567.7483137278      0.0000000000   0.698727E+00    98.08
        99  0.00000000  344.961   -568.4822522831   -567.7483398324      0.0000000000   0.703634E+00    56.63
       100  0.00000000  351.022   -568.4843834213   -567.7484254131      0.0000000000   0.708281E+00    62.23
       101  0.00000000  356.422   -568.4862380469   -567.7484965856      0.0000000000   0.712764E+00    94.58
       102  0.00000000  359.584   -568.4869316061   -567.7484848611      0.0000000000   0.717178E+00    56.88
       103  0.00000000  361.415   -568.4867985606   -567.7484104380      0.0000000000   0.721577E+00    91.38
       104  0.00000000  364.364   -568.4870085528   -567.7483576082      0.0000000000   0.725968E+00    68.39
       105  0.00000000  369.974   -568.4883255934   -567.7483752507      0.0000000000   0.730328E+00    74.87
       106  0.00000000  377.547   -568.4904245132   -567.7484338986      0.0000000000   0.734629E+00    85.67
       107  0.00000000  384.951   -568.4923314925   -567.7484699832      0.0000000000   0.738859E+00    61.20
       108  0.00000000  390.314   -568.4933147915   -567.7484664166      0.0000000000   0.743018E+00    46.74
       109  0.00000000  393.034   -568.4932836344   -567.7484290493      0.0000000000   0.747117E+00    64.23
       110  0.00000000  393.819   -568.4927038424   -567.7483831548      0.0000000000   0.751169E+00    72.30
       111  0.00000000  394.296   -568.4923190302   -567.7483389770      0.0000000000   0.755183E+00    50.75
       112  0.00000000  396.410   -568.4929156078   -567.7483130538      0.0000000000   0.759166E+00    56.24
       113  0.00000000  401.528   -568.4949676811   -567.7483277423      0.0000000000   0.763131E+00   135.44
       114  0.00000000  409.605   -568.4982821303   -567.7483820909      0.0000000000   0.767098E+00    85.48
       115  0.00000000  419.101   -568.5020206761   -567.7484368487      0.0000000000   0.771093E+00    66.35
       116  0.00000000  427.881   -568.5052051844   -567.7484608205      0.0000000000   0.775133E+00    46.91
       117  0.00000000  434.459   -568.5072694576   -567.7484458186      0.0000000000   0.779211E+00    62.74
       118  0.00000000  438.691   -568.5082820637   -567.7484117564      0.0000000000   0.783293E+00    41.15
       119  0.00000000  441.455   -568.5087124351   -567.7483893787      0.0000000000   0.787333E+00    58.44
       120  0.00000000  443.726   -568.5089838370   -567.7483834822      0.0000000000   0.791300E+00    39.70
       121  0.00000000  446.063   -568.5093070377   -567.7483641935      0.0000000000   0.795199E+00    60.68
       122  0.00000000  448.936   -568.5099645027   -567.7483171121      0.0000000000   0.799077E+00    71.41
       123  0.00000000  453.061   -568.5114875050   -567.7482802793      0.0000000000   0.803022E+00    67.93
       124  0.00000000  458.856   -568.5142282657   -567.7483050084      0.0000000000   0.807151E+00    51.92
       125  0.00000000  465.493   -568.5177299353   -567.7483868565      0.0000000000   0.811605E+00    46.64
       126  0.00000000  470.781   -568.5207301076   -567.7484802487      0.0000000000   0.816536E+00    46.83
       127  0.00000000  472.171   -568.5218111575   -567.7485296406      0.0000000000   0.822089E+00    58.11
       128  0.00000000  468.061   -568.5201462707   -567.7485186585      0.0000000000   0.828381E+00    62.42
       129  0.00000000  458.710   -568.5158519621   -567.7484414280      0.0000000000   0.835472E+00    51.70
       130  0.00000000  446.613   -568.5101051683   -567.7483075022      0.0000000000   0.843344E+00    50.95
       131  0.00000000  435.985   -568.5049360884   -567.7481740913      0.0000000000   0.851894E+00    59.54
       132  0.00000000  430.773   -568.5023165800   -567.7481276235      0.0000000000   0.860955E+00    43.79
       133  0.00000000  432.092   -568.5028919226   -567.7482007378      0.0000000000   0.870326E+00    63.28
       134  0.00000000  437.328   -568.5055066986   -567.7483377348      0.0000000000   0.879808E+00    48.05
       135  0.00000000  442.078   -568.5080815982   -567.7484473153      0.0000000000   0.889210E+00    45.38
       136  0.00000000  443.294   -568.5090327670   -567.7484755491      0.0000000000   0.898350E+00    55.28
       137  0.00000000  440.860   -568.5080644478   -567.7484407648      0.0000000000   0.907058E+00    45.32
       138  0.00000000  436.520   -568.5058918596   -567.7483910182      0.0000000000   0.915200E+00    73.14
       139  0.00000000  431.445   -568.5033151708   -567.7483831964      0.0000000000   0.922723E+00    61.11
       140  0.00000000  425.046   -568.5004219078   -567.7484125551      0.0000000000   0.929668E+00    56.65
       141  0.00000000  416.628   -568.4969312557   -567.7483811289      0.0000000000   0.936158E+00    49.12
       142  0.00000000  408.025   -568.4935176621   -567.7482578572      0.0000000000   0.942346E+00    71.88
       143  0.00000000  403.244   -568.4920363480   -567.7481640543      0.0000000000   0.948377E+00    53.71
       144  0.00000000  404.568   -568.4937414738   -567.7482165191      0.0000000000   0.954373E+00    66.60
       145  0.00000000  409.759   -568.4977052692   -567.7483673344      0.0000000000   0.960425E+00    51.02
       146  0.00000000  413.724   -568.5015133737   -567.7484954410      0.0000000000   0.966589E+00    45.78
       147  0.00000000  412.338   -568.5030841138   -567.7485312678      0.0000000000   0.972878E+00   137.55
       148  0.00000000  404.646   -568.5017451379   -567.7484764285      0.0000000000   0.979269E+00    58.85
       149  0.00000000  392.821   -568.4982815000   -567.7483571177      0.0000000000   0.985699E+00    87.28
       150  0.00000000  380.922   -568.4944803288   -567.7482264625      0.0000000000   0.992080E+00    55.57
       151  0.00000000  373.007   -568.4922790621   -567.7481461521      0.0000000000   0.998317E+00    54.62
       152  0.00000000  371.200   -568.4928052396   -567.7481565188      0.0000000000   0.100433E+01    61.32
       153  0.00000000  374.796   -568.4958465691   -567.7482402726      0.0000000000   0.101007E+01    41.62
       154  0.00000000  381.033   -568.5001510867   -567.7483479622      0.0000000000   0.101552E+01    59.20
       155  0.00000000  386.853   -568.5042371096   -567.7484260269      0.0000000000   0.102067E+01    42.23
       156  0.00000000  390.392   -568.5071517682   -567.7484622538      0.0000000000   0.102549E+01    57.57
       157  0.00000000  391.334   -568.5086895486   -567.7484581147      0.0000000000   0.102996E+01    69.90
       158  0.00000000  390.318   -568.5092030222   -567.7484447303      0.0000000000   0.103406E+01    61.28
       159  0.00000000  388.130   -568.5091653729   -567.7484339531      0.0000000000   0.103780E+01    69.90
       160  0.00000000  385.481   -568.5089836206   -567.7484169008      0.0000000000   0.104122E+01    36.78
       161  0.00000000  383.483   -568.5091734802   -567.7483697591      0.0000000000   0.104438E+01    46.03
       162  0.00000000  383.958   -568.5105986447   -567.7483210286      0.0000000000   0.104734E+01    63.90
       163  0.00000000  388.526   -568.5140627063   -567.7483222480      0.0000000000   0.105019E+01    55.28
       164  0.00000000  396.848   -568.5194634243   -567.7484124649      0.0000000000   0.105302E+01    62.98
       165  0.00000000  405.777   -568.5253244272   -567.7485568934      0.0000000000   0.105598E+01    52.34
       166  0.00000000  410.523   -568.5293477856   -567.7486754219      0.0000000000   0.105921E+01    63.65
       167  0.00000000  407.289   -568.5296739298   -567.7486937393      0.0000000000   0.106281E+01    63.13
       168  0.00000000  395.745   -568.5260572936   -567.7485883948      0.0000000000   0.106684E+01    53.68
       169  0.00000000  379.625   -568.5201860201   -567.7484092610      0.0000000000   0.107122E+01    65.24
       170  0.00000000  364.900   -568.5148679335   -567.7482542649      0.0000000000   0.107578E+01    59.19
       171  0.00000000  356.483   -568.5124917502   -567.7482128508      0.0000000000   0.108033E+01    43.92
       172  0.00000000  355.467   -568.5136697875   -567.7483096701      0.0000000000   0.108473E+01    68.00
       173  0.00000000  358.822   -568.5169813345   -567.7484654231      0.0000000000   0.108888E+01    78.07
       174  0.00000000  361.847   -568.5201392148   -567.7485797620      0.0000000000   0.109276E+01    62.00
       175  0.00000000  361.388   -568.5215496539   -567.7485947155      0.0000000000   0.109639E+01    59.23
       176  0.00000000  357.361   -568.5210974452   -567.7485410345      0.0000000000   0.109977E+01    44.44
       177  0.00000000  351.810   -568.5197031713   -567.7484936520      0.0000000000   0.110292E+01    67.64
       178  0.00000000  346.691   -568.5182312388   -567.7484983634      0.0000000000   0.110584E+01    47.45
       179  0.00000000  342.447   -568.5167788025   -567.7485374538      0.0000000000   0.110855E+01    91.90
       180  0.00000000  338.574   -568.5149525611   -567.7485439705      0.0000000000   0.111104E+01   110.08
       181  0.00000000  335.418   -568.5128230181   -567.7484716133      0.0000000000   0.111331E+01    37.24
       182  0.00000000  335.111   -568.5114800927   -567.7483698912      0.0000000000   0.111537E+01    53.90
       183  0.00000000  340.158   -568.5123143393   -567.7483331263      0.0000000000   0.111724E+01    50.33
       184  0.00000000  350.803   -568.5156371318   -567.7484138876      0.0000000000   0.111903E+01    67.43
       185  0.00000000  363.956   -568.5200559233   -567.7485468906      0.0000000000   0.112090E+01    91.28
       186  0.00000000  375.049   -568.5234201464   -567.7486231515      0.0000000000   0.112305E+01    50.36
       187  0.00000000  381.164   -568.5244086730   -567.7485970032      0.0000000000   0.112561E+01    42.12
       188  0.00000000  382.529   -568.5232359438   -567.7485148137      0.0000000000   0.112864E+01    48.33
       189  0.00000000  381.410   -568.5210434975   -567.7484503955      0.0000000000   0.113207E+01    44.02
       190  0.00000000  380.050   -568.5188691114   -567.7484229610      0.0000000000   0.113578E+01    56.99
       191  0.00000000  379.733   -568.5172634442   -567.7484088954      0.0000000000   0.113961E+01   104.84
       192  0.00000000  381.117   -568.5165124065   -567.7484115307      0.0000000000   0.114338E+01    52.40
       193  0.00000000  384.543   -568.5166970603   -567.7484310506      0.0000000000   0.114696E+01    52.40
       194  0.00000000  389.963   -568.5176343003   -567.7484593843      0.0000000000   0.115024E+01    51.11
       195  0.00000000  397.037   -568.5189930385   -567.7484737508      0.0000000000   0.115320E+01    53.84
       196  0.00000000  405.465   -568.5205900664   -567.7484715232      0.0000000000   0.115589E+01    57.56
       197  0.00000000  414.755   -568.5223271662   -567.7485007744      0.0000000000   0.115840E+01    53.82
       198  0.00000000  423.384   -568.5236508099   -567.7485752211      0.0000000000   0.116088E+01    37.05
       199  0.00000000  428.655   -568.5233944616   -567.7486439764      0.0000000000   0.116349E+01    52.43
       200  0.00000000  428.226   -568.5205234615   -567.7486265159      0.0000000000   0.116635E+01    43.85
       201  0.00000000  422.393   -568.5152866837   -567.7484974295      0.0000000000   0.116956E+01    86.35
       202  0.00000000  414.794   -568.5095592255   -567.7483330835      0.0000000000   0.117318E+01    65.25
       203  0.00000000  410.362   -568.5057906910   -567.7482517998      0.0000000000   0.117724E+01    50.78
       204  0.00000000  411.899   -568.5052817288   -567.7483123755      0.0000000000   0.118182E+01    60.48
       205  0.00000000  418.122   -568.5072507284   -567.7484570953      0.0000000000   0.118702E+01    97.01
       206  0.00000000  424.842   -568.5095378341   -567.7485788894      0.0000000000   0.119296E+01    54.52
       207  0.00000000  428.019   -568.5101792224   -567.7486043873      0.0000000000   0.119969E+01    52.63
       208  0.00000000  426.124   -568.5085117851   -567.7485497582      0.0000000000   0.120718E+01    54.46
       209  0.00000000  420.501   -568.5051594616   -567.7484499973      0.0000000000   0.121526E+01    44.01
       210  0.00000000  414.145   -568.5014608255   -567.7483563147      0.0000000000   0.122368E+01    58.86
       211  0.00000000  409.723   -568.4986653433   -567.7483210864      0.0000000000   0.123216E+01    49.77
       212  0.00000000  407.694   -568.4971274556   -567.7483631625      0.0000000000   0.124043E+01    90.05
       213  0.00000000  405.981   -568.4960762740   -567.7484258446      0.0000000000   0.124826E+01   151.36
       214  0.00000000  402.044   -568.4945014340   -567.7484238450      0.0000000000   0.125545E+01    74.07
       215  0.00000000  395.596   -568.4923842950   -567.7483491690      0.0000000000   0.126185E+01    53.14
       216  0.00000000  389.111   -568.4908525524   -567.7482822687      0.0000000000   0.126735E+01    54.05
       217  0.00000000  385.562   -568.4910692655   -567.7483040759      0.0000000000   0.127186E+01    55.97
       218  0.00000000  385.529   -568.4929794557   -567.7484295421      0.0000000000   0.127541E+01    48.28
       219  0.00000000  386.375   -568.4950368205   -567.7485852438      0.0000000000   0.127810E+01    69.85
       220  0.00000000  384.393   -568.4952621811   -567.7486693710      0.0000000000   0.128008E+01    45.94
       221  0.00000000  378.242   -568.4928312983   -567.7486085381      0.0000000000   0.128150E+01    62.17
       222  0.00000000  370.637   -568.4889869723   -567.7484556844      0.0000000000   0.128247E+01    69.30
       223  0.00000000  366.481   -568.4862270864   -567.7483359298      0.0000000000   0.128312E+01    77.69
       224  0.00000000  368.822   -568.4863478581   -567.7483494375      0.0000000000   0.128357E+01    77.29
       225  0.00000000  376.410   -568.4890868045   -567.7484612457      0.0000000000   0.128400E+01    64.20
       226  0.00000000  385.156   -568.4927374401   -567.7485528914      0.0000000000   0.128460E+01    50.07
       227  0.00000000  391.694   -568.4958787205   -567.7485720669      0.0000000000   0.128553E+01    80.22
       228  0.00000000  395.432   -568.4982768888   -567.7485478058      0.0000000000   0.128685E+01    78.54
       229  0.00000000  397.755   -568.5004681219   -567.7485305111      0.0000000000   0.128851E+01    80.18
       230  0.00000000  399.897   -568.5028625216   -567.7485561222      0.0000000000   0.129038E+01   140.65
       231  0.00000000  401.467   -568.5051577791   -567.7486151622      0.0000000000   0.129226E+01    66.67
       232  0.00000000  400.600   -568.5064584077   -567.7486698593      0.0000000000   0.129396E+01    99.75
       233  0.00000000  395.508   -568.5059414147   -567.7486708872      0.0000000000   0.129528E+01    96.40
       234  0.00000000  386.180   -568.5036094247   -567.7486100621      0.0000000000   0.129602E+01    75.67
       235  0.00000000  374.882   -568.5004851694   -567.7485184608      0.0000000000   0.129607E+01    65.08
       236  0.00000000  364.995   -568.4980852220   -567.7484597705      0.0000000000   0.129535E+01    54.42
       237  0.00000000  358.943   -568.4974622017   -567.7484719373      0.0000000000   0.129390E+01    89.20
       238  0.00000000  356.831   -568.4985858494   -567.7485488569      0.0000000000   0.129186E+01    65.90
       239  0.00000000  356.857   -568.5004989194   -567.7486366411      0.0000000000   0.128945E+01    48.51
       240  0.00000000  357.012   -568.5021137291   -567.7486909964      0.0000000000   0.128693E+01    70.56
       241  0.00000000  356.473   -568.5028842083   -567.7487001506      0.0000000000   0.128458E+01    72.51
       242  0.00000000  355.510   -568.5028592795   -567.7486938012      0.0000000000   0.128268E+01    50.43
       243  0.00000000  354.358   -568.5022120518   -567.7486900599      0.0000000000   0.128148E+01    52.50
       244  0.00000000  352.539   -568.5009372383   -567.7486821554      0.0000000000   0.128119E+01    66.81
       245  0.00000000  349.417   -568.4990390114   -567.7486502717      0.0000000000   0.128202E+01    56.76
       246  0.00000000  345.287   -568.4969162012   -567.7486038277      0.0000000000   0.128407E+01    48.94
       247  0.00000000  341.747   -568.4953678715   -567.7485585528      0.0000000000   0.128735E+01    39.71
       248  0.00000000  341.122   -568.4952969520   -567.7485325729      0.0000000000   0.129175E+01    75.82
       249  0.00000000  345.414   -568.4973346146   -567.7485374040      0.0000000000   0.129706E+01    88.65
       250  0.00000000  355.083   -568.5014462939   -567.7486070732      0.0000000000   0.130300E+01   109.06
       251  0.00000000  368.139   -568.5065096368   -567.7487273801      0.0000000000   0.130927E+01    56.80
       252  0.00000000  380.587   -568.5105387491   -567.7488309663      0.0000000000   0.131561E+01    45.13
       253  0.00000000  388.450   -568.5117034978   -567.7488518282      0.0000000000   0.132174E+01    56.27
       254  0.00000000  389.969   -568.5093901972   -567.7487738990      0.0000000000   0.132747E+01    48.13
       255  0.00000000  386.304   -568.5044781646   -567.7486451307      0.0000000000   0.133264E+01    57.68
       256  0.00000000  380.536   -568.4987371009   -567.7485254735      0.0000000000   0.133718E+01    51.00
       257  0.00000000  375.937   -568.4939285254   -567.7484545349      0.0000000000   0.134110E+01    61.08
       258  0.00000000  374.650   -568.4911425652   -567.7484449507      0.0000000000   0.134454E+01    74.71
       259  0.00000000  377.157   -568.4905571735   -567.7484965543      0.0000000000   0.134766E+01    58.34
       260  0.00000000  382.331   -568.4914762193   -567.7485805194      0.0000000000   0.135072E+01    55.26
       261  0.00000000  387.982   -568.4926757001   -567.7486507874      0.0000000000   0.135393E+01    56.75
       262  0.00000000  391.968   -568.4930377310   -567.7486645755      0.0000000000   0.135749E+01    42.40
       263  0.00000000  393.411   -568.4922057472   -567.7486075977      0.0000000000   0.136153E+01    53.09
       264  0.00000000  393.085   -568.4907934164   -567.7485299777      0.0000000000   0.136609E+01    45.25
       265  0.00000000  392.399   -568.4897580278   -567.7484915643      0.0000000000   0.137114E+01    43.81
       266  0.00000000  391.891   -568.4895045692   -567.7485209099      0.0000000000   0.137655E+01    71.08
       267  0.00000000  391.099   -568.4896410440   -567.7485544804      0.0000000000   0.138217E+01    44.20
       268  0.00000000  390.167   -568.4898264962   -567.7485351123      0.0000000000   0.138783E+01    56.75
       269  0.00000000  391.032   -568.4905143567   -567.7484931554      0.0000000000   0.139339E+01    56.51
       270  0.00000000  396.030   -568.4924095645   -567.7485153788      0.0000000000   0.139872E+01    46.60
       271  0.00000000  405.111   -568.4951852635   -567.7485883935      0.0000000000   0.140370E+01    86.14
       272  0.00000000  415.210   -568.4974591224   -567.7486172949      0.0000000000   0.140821E+01    39.50
       273  0.00000000  422.728   -568.4981420258   -567.7485588236      0.0000000000   0.141212E+01   191.37
       274  0.00000000  426.216   -568.4973311993   -567.7484735898      0.0000000000   0.141530E+01    43.38
       275  0.00000000  426.722   -568.4958387553   -567.7484136100      0.0000000000   0.141770E+01    50.34
       276  0.00000000  426.362   -568.4944194870   -567.7483881237      0.0000000000   0.141940E+01    43.05
       277  0.00000000  427.078   -568.4935311498   -567.7483563695      0.0000000000   0.142059E+01    48.89
       278  0.00000000  430.252   -568.4935889783   -567.7483259693      0.0000000000   0.142158E+01    46.24
       279  0.00000000  436.175   -568.4948120214   -567.7483451624      0.0000000000   0.142273E+01    50.20
       280  0.00000000  443.078   -568.4966134213   -567.7484238470      0.0000000000   0.142438E+01    41.18
       281  0.00000000  447.229   -568.4975142178   -567.7484953999      0.0000000000   0.142682E+01    61.17
       282  0.00000000  445.257   -568.4962001781   -567.7484615029      0.0000000000   0.143019E+01    55.58
       283  0.00000000  437.226   -568.4929551554   -567.7483105881      0.0000000000   0.143455E+01    54.69
       284  0.00000000  427.421   -568.4899414297   -567.7481404758      0.0000000000   0.143980E+01    89.47
       285  0.00000000  421.353   -568.4897418422   -567.7481123841      0.0000000000   0.144581E+01    58.64
       286  0.00000000  421.104   -568.4930551062   -567.7482836442      0.0000000000   0.145243E+01    66.20
       287  0.00000000  423.702   -568.4978866729   -567.7485151627      0.0000000000   0.145954E+01    78.02
       288  0.00000000  424.530   -568.5014099932   -567.7486217257      0.0000000000   0.146705E+01    73.87
       289  0.00000000  421.914   -568.5024754778   -567.7485597624      0.0000000000   0.147487E+01    98.24
       290  0.00000000  418.060   -568.5021537986   -567.7484436977      0.0000000000   0.148289E+01    44.51
       291  0.00000000  416.113   -568.5021467283   -567.7483996182      0.0000000000   0.149097E+01    39.48
       292  0.00000000  416.961   -568.5030519080   -567.7484513872      0.0000000000   0.149900E+01    53.78
       293  0.00000000  418.714   -568.5040642325   -567.7485351578      0.0000000000   0.150691E+01    72.39
       294  0.00000000  418.435   -568.5038668428   -567.7485889537      0.0000000000   0.151469E+01    47.33
       295  0.00000000  414.139   -568.5015836851   -567.7485898763      0.0000000000   0.152244E+01    53.72
       296  0.00000000  406.010   -568.4972847326   -567.7485136283      0.0000000000   0.153028E+01    49.45
       297  0.00000000  396.589   -568.4921728936   -567.7483946827      0.0000000000   0.153837E+01    55.17
       298  0.00000000  389.558   -568.4880873383   -567.7483008566      0.0000000000   0.154683E+01    50.82
       299  0.00000000  387.191   -568.4863477862   -567.7483257324      0.0000000000   0.155574E+01    43.77
       300  0.00000000  388.151   -568.4865300813   -567.7484634696      0.0000000000   0.156513E+01    58.25
       301  0.00000000  388.070   -568.4866074034   -567.7486099286      0.0000000000   0.157495E+01    59.50
       302  0.00000000  382.973   -568.4845625218   -567.7486482697      0.0000000000   0.158508E+01    67.38
       303  0.00000000  372.538   -568.4800650797   -567.7485609384      0.0000000000   0.159531E+01    56.96
       304  0.00000000  360.115   -568.4746240729   -567.7484406895      0.0000000000   0.160540E+01    43.94
       305  0.00000000  349.705   -568.4701719697   -567.7483881106      0.0000000000   0.161509E+01    67.76
       306  0.00000000  343.061   -568.4675767369   -567.7484243523      0.0000000000   0.162415E+01    54.09
       307  0.00000000  339.630   -568.4664920430   -567.7484754761      0.0000000000   0.163239E+01    46.81
       308  0.00000000  338.760   -568.4664413362   -567.7484770397      0.0000000000   0.163972E+01    48.30
       309  0.00000000  341.293   -568.4676710696   -567.7484382865      0.0000000000   0.164605E+01    45.58
       310  0.00000000  348.848   -568.4708973600   -567.7484322388      0.0000000000   0.165137E+01    49.76
       311  0.00000000  361.706   -568.4762777651   -567.7485088843      0.0000000000   0.165570E+01    72.91
       312  0.00000000  377.592   -568.4827597985   -567.7486277606      0.0000000000   0.165914E+01    56.15
       313  0.00000000  392.594   -568.4885579299   -567.7487309369      0.0000000000   0.166182E+01    49.77
       314  0.00000000  403.248   -568.4921293222   -567.7487729028      0.0000000000   0.166391E+01    55.39
       315  0.00000000  408.019   -568.4928544964   -567.7487489655      0.0000000000   0.166565E+01    59.01
       316  0.00000000  407.615   -568.4911305176   -567.7486749120      0.0000000000   0.166729E+01    48.78
       317  0.00000000  404.620   -568.4881892539   -567.7485693807      0.0000000000   0.166907E+01    55.54
       318  0.00000000  402.591   -568.4857248235   -567.7484680455      0.0000000000   0.167120E+01    59.58
       319  0.00000000  404.537   -568.4852076062   -567.7484299232      0.0000000000   0.167380E+01    50.96
       320  0.00000000  411.459   -568.4871379405   -567.7484576417      0.0000000000   0.167687E+01    55.12
       321  0.00000000  422.049   -568.4909527970   -567.7485204842      0.0000000000   0.168034E+01    53.68
       322  0.00000000  433.728   -568.4955467094   -567.7485702732      0.0000000000   0.168404E+01    49.57
       323  0.00000000  444.075   -568.4999540850   -567.7485947858      0.0000000000   0.168775E+01    59.47
       324  0.00000000  451.477   -568.5035738583   -567.7486153177      0.0000000000   0.169130E+01    53.28
       325  0.00000000  455.017   -568.5060064792   -567.7486429556      0.0000000000   0.169452E+01    62.79
       326  0.00000000  454.276   -568.5069211061   -567.7486726552      0.0000000000   0.169733E+01    57.00
       327  0.00000000  449.482   -568.5061290315   -567.7486806068      0.0000000000   0.169969E+01    59.89
       328  0.00000000  442.005   -568.5038802878   -567.7486411885      0.0000000000   0.170161E+01   108.18
       329  0.00000000  434.580   -568.5011260734   -567.7485606611      0.0000000000   0.170315E+01   122.48
       330  0.00000000  430.587   -568.4993355219   -567.7484819608      0.0000000000   0.170441E+01    71.86
       331  0.00000000  432.257   -568.4997155217   -567.7484722734      0.0000000000   0.170557E+01    73.85
       332  0.00000000  439.020   -568.5022751608   -567.7485435621      0.0000000000   0.170680E+01    62.45
       333  0.00000000  447.559   -568.5056888552   -567.7486407014      0.0000000000   0.170831E+01    51.29
       334  0.00000000  453.880   -568.5082181354   -567.7486755183      0.0000000000   0.171028E+01    92.75
       335  0.00000000  455.814   -568.5089917603   -567.7486314927      0.0000000000   0.171281E+01    76.52
       336  0.00000000  453.819   -568.5083792347   -567.7485533418      0.0000000000   0.171594E+01    65.74
       337  0.00000000  449.781   -568.5073526834   -567.7485069386      0.0000000000   0.171962E+01    52.54
       338  0.00000000  445.246   -568.5065756861   -567.7485137211      0.0000000000   0.172376E+01    52.84
       339  0.00000000  440.624   -568.5060628477   -567.7485332969      0.0000000000   0.172817E+01    46.68
       340  0.00000000  435.755   -568.5055942704   -567.7485277555      0.0000000000   0.173266E+01    38.26
       341  0.00000000  430.824   -568.5052196026   -567.7485067532      0.0000000000   0.173698E+01    42.38
       342  0.00000000  426.441   -568.5052214723   -567.7485009106      0.0000000000   0.174090E+01    59.27
       343  0.00000000  422.855   -568.5056611147   -567.7485366805      0.0000000000   0.174420E+01    68.06
       344  0.00000000  419.230   -568.5060147985   -567.7486069400      0.0000000000   0.174675E+01   119.62
       345  0.00000000  413.888   -568.5053294969   -567.7486615628      0.0000000000   0.174851E+01    65.07
       346  0.00000000  405.449   -568.5028582152   -567.7486708019      0.0000000000   0.174951E+01    52.63
       347  0.00000000  394.141   -568.4986466898   -567.7486031741      0.0000000000   0.174989E+01    46.51
       348  0.00000000  382.380   -568.4938467677   -567.7484943151      0.0000000000   0.174984E+01    67.07
       349  0.00000000  373.968   -568.4902716069   -567.7484007017      0.0000000000   0.174961E+01    77.14
       350  0.00000000  372.174   -568.4894795254   -567.7483819985      0.0000000000   0.174948E+01    65.15
       351  0.00000000  377.793   -568.4918387015   -567.7484635125      0.0000000000   0.174971E+01    43.67
       352  0.00000000  388.389   -568.4961590919   -567.7486120719      0.0000000000   0.175056E+01    53.16
       353  0.00000000  399.346   -568.5001985158   -567.7487512957      0.0000000000   0.175221E+01    78.01
       354  0.00000000  406.147   -568.5017902521   -567.7488139881      0.0000000000   0.175473E+01    56.66
       355  0.00000000  406.422   -568.4998523409   -567.7487712193      0.0000000000   0.175811E+01   210.12
       356  0.00000000  400.611   -568.4947573403   -567.7486633689      0.0000000000   0.176217E+01   129.64
       357  0.00000000  391.270   -568.4879442866   -567.7485298733      0.0000000000   0.176668E+01    55.36
       358  0.00000000  381.834   -568.4813101452   -567.7484041040      0.0000000000   0.177128E+01    42.46
       359  0.00000000  375.523   -568.4766246979   -567.7483230002      0.0000000000   0.177561E+01    66.87
       360  0.00000000  374.433   -568.4749850777   -567.7483253733      0.0000000000   0.177928E+01    46.10
       361  0.00000000  378.831   -568.4763710481   -567.7484053494      0.0000000000   0.178199E+01    52.50
       362  0.00000000  386.983   -568.4796410629   -567.7485223816      0.0000000000   0.178354E+01    61.13
       363  0.00000000  395.793   -568.4830143238   -567.7486244572      0.0000000000   0.178384E+01    97.10
       364  0.00000000  402.050   -568.4848096005   -567.7486805716      0.0000000000   0.178297E+01    56.26
       365  0.00000000  403.674   -568.4840369465   -567.7486676333      0.0000000000   0.178110E+01    52.37
       366  0.00000000  400.636   -568.4807787081   -567.7485795900      0.0000000000   0.177853E+01    42.53
       367  0.00000000  395.201   -568.4762784907   -567.7484490963      0.0000000000   0.177560E+01    79.55
       368  0.00000000  391.147   -568.4725372546   -567.7483231992      0.0000000000   0.177270E+01    51.95
       369  0.00000000  391.988   -568.4714621253   -567.7482666131      0.0000000000   0.177020E+01    63.41
       370  0.00000000  399.104   -568.4738941615   -567.7483053026      0.0000000000   0.176842E+01    50.95
       371  0.00000000  410.920   -568.4791815428   -567.7484231749      0.0000000000   0.176765E+01    62.80
       372  0.00000000  423.520   -568.4854516044   -567.7485699404      0.0000000000   0.176807E+01    46.86
       373  0.00000000  432.290   -568.4904077701   -567.7486795153      0.0000000000   0.176977E+01    57.64
       374  0.00000000  433.831   -568.4922958819   -567.7487096883      0.0000000000   0.177273E+01    91.19
       375  0.00000000  427.323   -568.4905937824   -567.7486501935      0.0000000000   0.177679E+01    78.84
       376  0.00000000  414.827   -568.4861726653   -567.7485301310      0.0000000000   0.178169E+01    51.04
       377  0.00000000  400.546   -568.4809095467   -567.7483956060      0.0000000000   0.178706E+01    64.96
       378  0.00000000  389.352   -568.4769769964   -567.7482950443      0.0000000000   0.179247E+01    72.18
       379  0.00000000  384.953   -568.4760264696   -567.7482741018      0.0000000000   0.179749E+01    53.27
       380  0.00000000  388.383   -568.4784867599   -567.7483356543      0.0000000000   0.180175E+01    46.69
       381  0.00000000  397.490   -568.4833746947   -567.7484570839      0.0000000000   0.180499E+01    62.03
       382  0.00000000  407.768   -568.4886829526   -567.7485973153      0.0000000000   0.180706E+01    57.62
       383  0.00000000  414.094   -568.4921246704   -567.7486976443      0.0000000000   0.180790E+01    92.83
       384  0.00000000  412.846   -568.4920556412   -567.7487014957      0.0000000000   0.180758E+01    45.19
       385  0.00000000  403.852   -568.4883866185   -567.7485732578      0.0000000000   0.180621E+01    49.66
       386  0.00000000  391.111   -568.4830460279   -567.7483657843      0.0000000000   0.180394E+01   100.41
       387  0.00000000  381.013   -568.4791643623   -567.7482014048      0.0000000000   0.180095E+01    72.41
       388  0.00000000  378.545   -568.4792037137   -567.7481788930      0.0000000000   0.179744E+01    68.82
       389  0.00000000  384.308   -568.4834798125   -567.7482924063      0.0000000000   0.179369E+01    63.84
       390  0.00000000  394.612   -568.4902590882   -567.7484474408      0.0000000000   0.179000E+01    52.37
       391  0.00000000  404.126   -568.4970959598   -567.7485685225      0.0000000000   0.178667E+01    61.82
       392  0.00000000  408.529   -568.5020203129   -567.7486355685      0.0000000000   0.178399E+01   108.64
       393  0.00000000  405.691   -568.5039753597   -567.7486544327      0.0000000000   0.178220E+01    49.62
       394  0.00000000  395.743   -568.5028249470   -567.7486235712      0.0000000000   0.178144E+01    95.25
       395  0.00000000  380.796   -568.4993202283   -567.7485502464      0.0000000000   0.178175E+01    75.78
       396  0.00000000  364.418   -568.4949300145   -567.7484531449      0.0000000000   0.178308E+01    78.29
       397  0.00000000  350.659   -568.4914328721   -567.7483691760      0.0000000000   0.178524E+01    92.32
       398  0.00000000  342.753   -568.4902892611   -567.7483439947      0.0000000000   0.178799E+01    43.90
       399  0.00000000  342.068   -568.4920626918   -567.7483821376      0.0000000000   0.179106E+01    66.94
       400  0.00000000  347.858   -568.4963103028   -567.7484688599      0.0000000000   0.179418E+01    52.73
       401  0.00000000  357.676   -568.5017994968   -567.7485828204      0.0000000000   0.179715E+01    70.52
       402  0.00000000  368.123   -568.5068700848   -567.7486873987      0.0000000000   0.179986E+01    49.78
       403  0.00000000  375.930   -568.5099797946   -567.7487388343      0.0000000000   0.180227E+01    56.83
       404  0.00000000  379.236   -568.5103642035   -567.7487087758      0.0000000000   0.180443E+01    71.17
       405  0.00000000  378.319   -568.5084078695   -567.7486221920      0.0000000000   0.180640E+01    90.65
       406  0.00000000  375.192   -568.5053609059   -567.7485256151      0.0000000000   0.180827E+01    60.59
       407  0.00000000  372.399   -568.5026779080   -567.7484628290      0.0000000000   0.181009E+01    43.52
       408  0.00000000  371.769   -568.5013653995   -567.7484515149      0.0000000000   0.181189E+01    40.67
       409  0.00000000  373.800   -568.5016850183   -567.7484891078      0.0000000000   0.181367E+01    58.50
       410  0.00000000  377.666   -568.5031813155   -567.7485500101      0.0000000000   0.181545E+01   124.63
       411  0.00000000  381.710   -568.5049730456   -567.7486111046      0.0000000000   0.181724E+01    66.04
       412  0.00000000  384.355   -568.5061974264   -567.7486371515      0.0000000000   0.181912E+01    87.93
       413  0.00000000  384.919   -568.5064764569   -567.7486328169      0.0000000000   0.182119E+01    83.64
       414  0.00000000  383.693   -568.5059515397   -567.7486121568      0.0000000000   0.182357E+01    66.47
       415  0.00000000  381.264   -568.5049867377   -567.7485946448      0.0000000000   0.182633E+01    57.25
       416  0.00000000  377.965   -568.5038518936   -567.7485780634      0.0000000000   0.182952E+01    59.37
       417  0.00000000  374.102   -568.5027594201   -567.7485430254      0.0000000000   0.183308E+01    65.09
       418  0.00000000  370.658   -568.5021536979   -567.7484932318      0.0000000000   0.183687E+01    67.34
       419  0.00000000  369.325   -568.5027146133   -567.7484593314      0.0000000000   0.184070E+01    67.88
       420  0.00000000  371.393   -568.5048896443   -567.7484798797      0.0000000000   0.184434E+01    54.17
       421  0.00000000  376.342   -568.5083043910   -567.7485627456      0.0000000000   0.184762E+01    66.68
       422  0.00000000  381.438   -568.5116085751   -567.7486739727      0.0000000000   0.185047E+01   103.72
       423  0.00000000  383.038   -568.5130377648   -567.7487352819      0.0000000000   0.185295E+01    83.36
       424  0.00000000  379.190   -568.5116111393   -567.7486831315      0.0000000000   0.185518E+01    42.54
       425  0.00000000  371.529   -568.5080809689   -567.7485388687      0.0000000000   0.185733E+01    49.50
       426  0.00000000  364.466   -568.5045848657   -567.7484142145      0.0000000000   0.185953E+01    63.02
       427  0.00000000  361.896   -568.5029961462   -567.7483999687      0.0000000000   0.186182E+01    59.68
       428  0.00000000  364.484   -568.5035655320   -567.7484776511      0.0000000000   0.186414E+01   128.39
       429  0.00000000  370.021   -568.5051569359   -567.7485531312      0.0000000000   0.186641E+01    50.91
       430  0.00000000  375.945   -568.5065483340   -567.7485763683      0.0000000000   0.186851E+01    50.19
       431  0.00000000  381.265   -568.5072885313   -567.7485564402      0.0000000000   0.187032E+01    53.83
       432  0.00000000  386.462   -568.5076035533   -567.7485329518      0.0000000000   0.187176E+01    56.73
       433  0.00000000  392.085   -568.5077700363   -567.7485393547      0.0000000000   0.187275E+01    65.64
       434  0.00000000  397.475   -568.5075754242   -567.7485767309      0.0000000000   0.187324E+01    54.49
       435  0.00000000  400.687   -568.5062891312   -567.7486067726      0.0000000000   0.187324E+01    50.91
       436  0.00000000  399.853   -568.5032544776   -567.7485806209      0.0000000000   0.187279E+01    62.81
       437  0.00000000  395.045   -568.4986860921   -567.7484814829      0.0000000000   0.187193E+01   130.44
       438  0.00000000  389.146   -568.4940192276   -567.7483395146      0.0000000000   0.187075E+01    65.85
       439  0.00000000  386.647   -568.4913838181   -567.7482454323      0.0000000000   0.186930E+01    55.11
       440  0.00000000  390.659   -568.4922092923   -567.7482805696      0.0000000000   0.186768E+01    65.10
       441  0.00000000  400.349   -568.4959911139   -567.7484375562      0.0000000000   0.186605E+01    68.77
       442  0.00000000  411.254   -568.5004200579   -567.7486065466      0.0000000000   0.186458E+01    42.49
       443  0.00000000  418.493   -568.5029716968   -567.7486719818      0.0000000000   0.186349E+01    52.51
       444  0.00000000  420.136   -568.5026216042   -567.7485961943      0.0000000000   0.186296E+01    68.33
       445  0.00000000  417.913   -568.5003296287   -567.7484541977      0.0000000000   0.186308E+01    43.90
       446  0.00000000  414.804   -568.4978950102   -567.7483770228      0.0000000000   0.186387E+01    76.49
       447  0.00000000  412.043   -568.4962648210   -567.7484005277      0.0000000000   0.186525E+01    52.75
       448  0.00000000  408.607   -568.4950901014   -567.7484511732      0.0000000000   0.186707E+01    65.33
       449  0.00000000  403.429   -568.4937782924   -567.7484515612      0.0000000000   0.186917E+01    46.68
       450  0.00000000  397.616   -568.4926152926   -567.7484059379      0.0000000000   0.187140E+01    70.39
       451  0.00000000  394.164   -568.4926681959   -567.7483737447      0.0000000000   0.187361E+01    61.90
       452  0.00000000  395.634   -568.4947657653   -567.7483990987      0.0000000000   0.187575E+01   100.22
       453  0.00000000  401.954   -568.4986187620   -567.7484948812      0.0000000000   0.187786E+01    92.84
       454  0.00000000  409.869   -568.5026350991   -567.7486278893      0.0000000000   0.188003E+01    49.87
       455  0.00000000  414.390   -568.5045618753   -567.7487197633      0.0000000000   0.188245E+01    52.34
       456  0.00000000  411.598   -568.5027321561   -567.7487070087      0.0000000000   0.188525E+01    72.47
       457  0.00000000  401.245   -568.4971817878   -567.7485703404      0.0000000000   0.188857E+01    76.08
       458  0.00000000  387.295   -568.4898854463   -567.7483929693      0.0000000000   0.189244E+01    78.10
       459  0.00000000  375.649   -568.4835913177   -567.7482776057      0.0000000000   0.189684E+01    43.75
       460  0.00000000  370.725   -568.4801871273   -567.7482615353      0.0000000000   0.190173E+01   124.43
       461  0.00000000  373.731   -568.4800084425   -567.7483028017      0.0000000000   0.190703E+01    71.54
       462  0.00000000  383.345   -568.4823498901   -567.7483576218      0.0000000000   0.191268E+01    42.82
       463  0.00000000  397.122   -568.4861488173   -567.7484217386      0.0000000000   0.191862E+01    59.31
       464  0.00000000  412.048   -568.4901510233   -567.7484923653      0.0000000000   0.192475E+01    98.86
       465  0.00000000  424.616   -568.4929413008   -567.7485513171      0.0000000000   0.193103E+01    56.73
       466  0.00000000  431.510   -568.4932730328   -567.7485751625      0.0000000000   0.193735E+01   103.08
       467  0.00000000  431.060   -568.4906235934   -567.7485279572      0.0000000000   0.194363E+01    56.72
       468  0.00000000  424.644   -568.4857649168   -567.7484052937      0.0000000000   0.194974E+01    51.41
       469  0.00000000  416.671   -568.4807897899   -567.7482570695      0.0000000000   0.195555E+01    79.66
       470  0.00000000  412.369   -568.4781764359   -567.7481940358      0.0000000000   0.196095E+01    39.51
       471  0.00000000  414.458   -568.4791454423   -567.7482640148      0.0000000000   0.196584E+01    50.41
       472  0.00000000  421.565   -568.4828873211   -567.7483962367      0.0000000000   0.197018E+01    58.30
       473  0.00000000  429.728   -568.4874407726   -567.7485069895      0.0000000000   0.197396E+01    63.88
       474  0.00000000  434.813   -568.4909136206   -567.7485966723      0.0000000000   0.197722E+01    54.01
       475  0.00000000  433.701   -568.4918148137   -567.7486677165      0.0000000000   0.198005E+01    61.88
       476  0.00000000  424.877   -568.4892088023   -567.7486698032      0.0000000000   0.198254E+01    60.48
       477  0.00000000  409.448   -568.4833771621   -567.7485602660      0.0000000000   0.198479E+01    49.55
       478  0.00000000  391.507   -568.4762285400   -567.7483898112      0.0000000000   0.198685E+01    54.06
       479  0.00000000  376.421   -568.4704454805   -567.7482767275      0.0000000000   0.198875E+01    46.51
       480  0.00000000  368.016   -568.4678849150   -567.7482655036      0.0000000000   0.199048E+01    50.32
       481  0.00000000  367.056   -568.4688334725   -567.7483297315      0.0000000000   0.199203E+01    59.38
       482  0.00000000  371.777   -568.4723720126   -567.7484156858      0.0000000000   0.199335E+01    50.83
       483  0.00000000  379.145   -568.4770785871   -567.7485018770      0.0000000000   0.199444E+01    59.56
       484  0.00000000  385.845   -568.4814640363   -567.7485813052      0.0000000000   0.199528E+01    58.75
       485  0.00000000  388.934   -568.4842156631   -567.7486458988      0.0000000000   0.199584E+01    56.83
       486  0.00000000  386.533   -568.4844267792   -567.7486711921      0.0000000000   0.199611E+01    52.41
       487  0.00000000  378.683   -568.4819716166   -567.7486296313      0.0000000000   0.199607E+01   101.07
       488  0.00000000  367.920   -568.4778613893   -567.7485144685      0.0000000000   0.199571E+01    51.64
       489  0.00000000  358.822   -568.4741792355   -567.7483785606      0.0000000000   0.199505E+01    58.12
       490  0.00000000  356.070   -568.4731974341   -567.7483027743      0.0000000000   0.199415E+01    66.74
       491  0.00000000  361.971   -568.4761372829   -567.7483376076      0.0000000000   0.199313E+01    43.79
       492  0.00000000  374.998   -568.4824090580   -567.7484744102      0.0000000000   0.199211E+01    61.86
       493  0.00000000  390.340   -568.4898214910   -567.7486515177      0.0000000000   0.199127E+01    60.63
       494  0.00000000  402.345   -568.4956958443   -567.7487688549      0.0000000000   0.199077E+01    49.66
       495  0.00000000  407.468   -568.4983003982   -567.7487817350      0.0000000000   0.199074E+01    52.69
       496  0.00000000  405.744   -568.4975420400   -567.7487267811      0.0000000000   0.199127E+01    55.44
       497  0.00000000  400.071   -568.4945786373   -567.7486388286      0.0000000000   0.199242E+01    48.89
       498  0.00000000  394.364   -568.4910760115   -567.7485525759      0.0000000000   0.199421E+01    71.08
       499  0.00000000  391.877   -568.4885424549   -567.7484896234      0.0000000000   0.199666E+01    76.88
       500  0.00000000  394.154   -568.4879032527   -567.7484759770      0.0000000000   0.199975E+01    80.27
